[gd_scene load_steps=16 format=2]

[ext_resource path="res://ART/Archi/Scenes/SM_SupermarketFloor_01_A_1.tscn" type="PackedScene" id=1]
[ext_resource path="res://ART/Enviro/Products/RessourcesScenes/SM_Chips_01_A_1.tscn" type="PackedScene" id=2]
[ext_resource path="res://ART/Enviro/Products/RessourcesScenes/SM_Cereals_01_A_1.tscn" type="PackedScene" id=3]
[ext_resource path="res://ART/Enviro/Products/RessourcesScenes/SM_HydroGel_01_A_1.tscn" type="PackedScene" id=4]
[ext_resource path="res://ART/Enviro/Products/RessourcesScenes/SM_Coffee_01_A_1.tscn" type="PackedScene" id=5]
[ext_resource path="res://ART/Enviro/Products/RessourcesScenes/SM_Milk_01_A_1.tscn" type="PackedScene" id=6]
[ext_resource path="res://ART/Enviro/Products/RessourcesScenes/SM_WaterBottle_01_A_1.tscn" type="PackedScene" id=7]
[ext_resource path="res://ART/Enviro/Products/RessourcesScenes/SM_TomatoCan_01_A_1.tscn" type="PackedScene" id=8]
[ext_resource path="res://ART/Enviro/Products/RessourcesScenes/SM_Wine_01_A_1.tscn" type="PackedScene" id=9]
[ext_resource path="res://ART/Enviro/Products/RessourcesScenes/SM_ToiletPaper_01_A_1.tscn" type="PackedScene" id=10]
[ext_resource path="res://ART/Archi/Scenes/SM_IntroShelf_01_A_1.tscn" type="PackedScene" id=11]
[ext_resource path="res://ART/Archi/Scenes/SM_CoroPannel_01_A_1.tscn" type="PackedScene" id=12]
[ext_resource path="res://src/menus/GameLobby3D.gd" type="Script" id=13]
[ext_resource path="res://assets/default_theme.tres" type="Theme" id=14]

[sub_resource type="Environment" id=1]
background_mode = 1
background_color = Color( 0.45098, 0.682353, 0.654902, 1 )
background_energy = 0.5
ambient_light_color = Color( 0.286275, 0.568627, 0.556863, 1 )
ambient_light_energy = 0.5
fog_enabled = true
fog_color = Color( 0.4, 0.513726, 0.529412, 1 )
fog_sun_color = Color( 1, 0.905882, 0.721569, 1 )
fog_depth_begin = 0.0
ssao_enabled = true

[node name="GameLobby3D" type="Spatial"]
script = ExtResource( 13 )

[node name="SM_SupermarketFloor_01_A_1" parent="." instance=ExtResource( 1 )]
transform = Transform( -4.37114e-08, 0, 1, 0, 1, 0, -1, 0, -4.37114e-08, -13.5, 0, 0 )

[node name="SM_IntroShelf_01_A_1" parent="SM_SupermarketFloor_01_A_1" instance=ExtResource( 11 )]
transform = Transform( 0.75, 0, -4.37114e-08, 0, 0.9, 0, 4.76847e-08, 0, 1, 9.99998, -2, 10 )

[node name="SM_IntroShelf_01_A_2" parent="SM_SupermarketFloor_01_A_1" instance=ExtResource( 11 )]
transform = Transform( -0.75, 0, -7.54979e-08, 0, 0.9, 0, 7.15246e-08, 0, -1, 10, -2, 17 )

[node name="WorldEnvironment" type="WorldEnvironment" parent="SM_SupermarketFloor_01_A_1/SM_IntroShelf_01_A_2"]
environment = SubResource( 1 )

[node name="SM_SupermarketFloor_01_A_2" parent="." instance=ExtResource( 1 )]
transform = Transform( -4.37114e-08, 0, 1, 0, 1, 0, -1, 0, -4.37114e-08, -13.5, 0, -16 )

[node name="CharacterPositions" type="Spatial" parent="."]
transform = Transform( 1, 0, 0, 0, 1, 0, 0, 0, 1, 0, -0.5, 0.66526 )

[node name="PositionPlayer0" type="Position3D" parent="CharacterPositions"]
transform = Transform( -0.258819, 0, -0.965926, 0, 1, 0, 0.965926, 0, -0.258819, -0.911431, 0.989192, -3.47253 )

[node name="PositionPlayer1" type="Position3D" parent="CharacterPositions"]
transform = Transform( 0.258819, 0, -0.965926, 0, 1, 0, 0.965926, 0, 0.258819, 0.757937, 0.989192, -3.56836 )

[node name="PositionPlayer2" type="Position3D" parent="CharacterPositions"]
transform = Transform( 0.252086, 0, -0.967706, 0, 1, 0, 0.967706, 0, 0.252086, 2.63561, 1.00031, -4.79524 )

[node name="PositionPlayer3" type="Position3D" parent="CharacterPositions"]
transform = Transform( -0.258819, 0, -0.965926, 0, 1, 0, 0.965926, 0, -0.258819, -2.78601, 0.989192, -4.76741 )

[node name="Camera" type="Camera" parent="."]
transform = Transform( 1, 0, 0, 0, 0.994334, -0.106299, 0, 0.106299, 0.994334, -0.0288181, 0.616791, 1.27109 )
fov = 50.0

[node name="SpotLight" type="SpotLight" parent="."]
transform = Transform( 1, 0, 0, 0, 2.98023e-08, 1, 0, -1, 2.98023e-08, 0, 14.3152, -7.5 )
light_color = Color( 1, 0.803922, 0.596078, 1 )
light_energy = 7.0
shadow_enabled = true
shadow_color = Color( 0, 0.211765, 0.509804, 1 )
shadow_bias = 0.25
spot_range = 25.0
spot_angle = 65.0

[node name="SpotLight2" type="SpotLight" parent="."]
transform = Transform( 1, 0, 0, 0, 0.873084, 0.48757, 0, -0.48757, 0.873084, 0, 3.9817, 3 )
light_color = Color( 1, 0.858824, 0.709804, 1 )
shadow_enabled = true
shadow_color = Color( 0, 0.211765, 0.509804, 1 )
shadow_bias = 0.05
spot_range = 50.0
spot_angle = 65.0

[node name="SM_CoroPannel_01_A_1" parent="." instance=ExtResource( 12 )]
transform = Transform( -4.37114e-08, 0, 1, 0, 1, 0, -1, 0, -4.37114e-08, 0, 4.77335, -6.84598 )

[node name="props" type="Spatial" parent="."]

[node name="SM_ToiletPaper_01_A_1" parent="props" instance=ExtResource( 10 )]
transform = Transform( -0.954506, -0.00121783, 0.298189, 0, 0.999992, 0.00408406, -0.298191, 0.00389826, -0.954498, 5.71301, 0.472468, -7.41786 )

[node name="SM_ToiletPaper_01_A_2" parent="props" instance=ExtResource( 10 )]
transform = Transform( -0.954506, -0.00121783, 0.298189, 0, 0.999992, 0.00408406, -0.298191, 0.00389826, -0.954498, 5.61983, 0.469922, -6.7937 )

[node name="SM_ToiletPaper_01_A_3" parent="props" instance=ExtResource( 10 )]
transform = Transform( -0.954506, -0.00121783, 0.298189, 0, 0.999992, 0.00408406, -0.298191, 0.00389826, -0.954498, 5.83347, 0.500849, -6.31188 )

[node name="SM_ToiletPaper_01_A_4" parent="props" instance=ExtResource( 10 )]
transform = Transform( -0.954506, 0, 0.298191, 0, 1, 0, -0.298191, 0, -0.954506, 5.71832, 0.922922, -7.08281 )

[node name="SM_ToiletPaper_01_A_8" parent="props" instance=ExtResource( 10 )]
transform = Transform( -0.831431, 0, 0.555628, 0, 1, 0, -0.555628, 0, -0.831431, -5.02854, 1.81059, -15.6262 )

[node name="SM_ToiletPaper_01_A_7" parent="props" instance=ExtResource( 10 )]
transform = Transform( -0.831431, 0, 0.555628, 0, 1, 0, -0.555628, 0, -0.831431, -5.29421, 1.81059, -15.0538 )

[node name="SM_ToiletPaper_01_A_6" parent="props" instance=ExtResource( 10 )]
transform = Transform( -0.831431, 0, 0.555628, 0, 1, 0, -0.555628, 0, -0.831431, -5.22528, 1.84313, -14.5314 )

[node name="SM_ToiletPaper_01_A_5" parent="props" instance=ExtResource( 10 )]
transform = Transform( -0.831431, 0, 0.555628, 0, 1, 0, -0.555628, 0, -0.831431, -5.11804, 2.26313, -15.3034 )

[node name="SM_WaterBottle_01_A_1" parent="props" instance=ExtResource( 7 )]
transform = Transform( -0.0311373, 0.984236, -0.174095, -0.9995, -0.0316202, 0, -0.00550491, 0.174008, 0.984729, -3.07494, 0.0993482, -2.96834 )

[node name="SM_WaterBottle_01_A_2" parent="props" instance=ExtResource( 7 )]
transform = Transform( 1, 0, 0, 0, 1, 0, 0, 0, 1, -4.69975, 0.630534, -4.51065 )

[node name="SM_WaterBottle_01_A_3" parent="props" instance=ExtResource( 7 )]
transform = Transform( 1, 0, 0, 0, 1, 0, 0, 0, 1, -4.95336, 0.630534, -4.71016 )

[node name="SM_WaterBottle_01_A_4" parent="props" instance=ExtResource( 7 )]
transform = Transform( 1, 0, 0, 0, 1, 0, 0, 0, 1, -4.91537, 0.630534, -4.9668 )

[node name="SM_WaterBottle_01_A_5" parent="props" instance=ExtResource( 7 )]
transform = Transform( 0.00025392, -0.00290346, 0.999996, 0.996198, 0.0871209, 0, -0.0871205, 0.996194, 0.00291458, -5.51925, 0.408783, -6.20162 )

[node name="SM_TomatoCan_01_A_1" parent="props" instance=ExtResource( 8 )]
transform = Transform( -0.995572, 0, 0.0940041, 0, 1, 0, -0.0940041, 0, -0.995572, -5.86587, 3.39926, -7.77962 )

[node name="SM_TomatoCan_01_A_2" parent="props" instance=ExtResource( 8 )]
transform = Transform( 1, 0, 0, 0, 1, 0, 0, 0, 1, -5.86587, 3.39926, -7.1816 )

[node name="SM_TomatoCan_01_A_3" parent="props" instance=ExtResource( 8 )]
transform = Transform( -0.900812, 0, 0.434209, 0, 1, 0, -0.434209, 0, -0.900812, -5.86587, 3.39926, -8.81281 )

[node name="SM_HydroGel_01_A_1" parent="props" instance=ExtResource( 4 )]
transform = Transform( 0.480269, 0, -0.877121, 0, 1, 0, 0.877121, 0, 0.480269, 5.782, 3.42515, -8.68429 )

[node name="SM_HydroGel_01_A_2" parent="props" instance=ExtResource( 4 )]
transform = Transform( 0.480269, 0, -0.877121, 0, 1, 0, 0.877121, 0, 0.480269, 6.23037, 3.42515, -9.79178 )

[node name="SM_Chips_01_A_1" parent="props" instance=ExtResource( 2 )]
transform = Transform( 0.965926, 0, 0.258819, 0, 1, 0, -0.258819, 0, 0.965926, 5.5, 0.5, -15.5 )

[node name="SM_Chips_01_A_4" parent="props" instance=ExtResource( 2 )]
transform = Transform( 0.965926, 0, 0.258819, 0, 1, 0, -0.258819, 0, 0.965926, 5.66185, 0.5, -15.1726 )

[node name="SM_Chips_01_A_2" parent="props" instance=ExtResource( 2 )]
transform = Transform( 0.965926, 0, 0.258819, 0, 1, 0, -0.258819, 0, 0.965926, 5.15992, 0.5, -15.2726 )

[node name="SM_Chips_01_A_3" parent="props" instance=ExtResource( 2 )]
transform = Transform( 0.383012, 0.401845, 0.831758, -0.863194, 0.476326, 0.167362, -0.328934, -0.782071, 0.529309, 4.85833, 0.201915, -13.7852 )

[node name="SM_Chips_01_A_5" parent="props" instance=ExtResource( 2 )]
transform = Transform( -6.03337e-08, -0.744778, 0.667313, -1, 7.54979e-08, -6.15086e-09, -4.57997e-08, -0.667313, -0.744778, 1.84486, 0.11585, -16.9477 )

[node name="SM_Cereals_01_A_1" parent="props" instance=ExtResource( 3 )]
transform = Transform( 0.625, 0, -1.08253, 0, 1.25, 0, 1.08253, 0, 0.625, 5.69465, 3.33221, -14.6117 )

[node name="SM_Cereals_01_A_2" parent="props" instance=ExtResource( 3 )]
transform = Transform( 0.37026, 0, -1.1939, 0, 1.25, 0, 1.1939, 0, 0.37026, 5.5905, 3.33221, -14.2921 )

[node name="SM_Cereals_01_A_3" parent="props" instance=ExtResource( 3 )]
transform = Transform( 0.37026, 0, -1.1939, 0, 1.25, 0, 1.1939, 0, 0.37026, 5.66056, 3.33221, -14.0662 )

[node name="SM_Cereals_01_A_4" parent="props" instance=ExtResource( 3 )]
transform = Transform( 0.37026, 0, -1.1939, 0, 1.25, 0, 1.1939, 0, 0.37026, 5.73673, 3.33221, -13.8206 )

[node name="SM_Cereals_01_A_5" parent="props" instance=ExtResource( 3 )]
transform = Transform( 0.37026, 0, -1.1939, 0, 1.25, 0, 1.1939, 0, 0.37026, 5.81117, 3.33221, -13.5806 )

[node name="SM_Cereals_01_A_6" parent="props" instance=ExtResource( 3 )]
transform = Transform( 0.241509, 0, -1.22645, 0, 1.25, 0, 1.22645, 0, 0.241509, 5.88728, 3.33221, -13.3352 )

[node name="SM_Cereals_01_A_7" parent="props" instance=ExtResource( 3 )]
transform = Transform( -0.109651, -1.02035, -0.713697, -1.24415, 0.118892, 0.0211736, 0.0505987, 0.712216, -1.02601, 5.44783, 3.17312, -12.545 )

[node name="SM_Wine_01_A_1" parent="props" instance=ExtResource( 9 )]
transform = Transform( -0.934675, 0, 0.829989, 0, 1.45, 0, -0.829989, 0, -0.934675, -5.75943, 0.599184, -11.3819 )

[node name="SM_Wine_01_A_2" parent="props" instance=ExtResource( 9 )]
transform = Transform( -0.934675, 0, 0.829989, 0, 1.45, 0, -0.829989, 0, -0.934675, -5.90315, 0.599184, -11.6269 )

[node name="SM_Wine_01_A_4" parent="props" instance=ExtResource( 9 )]
transform = Transform( -0.934675, 0, 0.829989, 0, 1.45, 0, -0.829989, 0, -0.934675, -5.66169, 0.599184, -11.7917 )

[node name="SM_Wine_01_A_3" parent="props" instance=ExtResource( 9 )]
transform = Transform( -0.934675, 0, 0.829989, 0, 1.45, 0, -0.829989, 0, -0.934675, -5.80541, 0.599184, -12.0367 )

[node name="SM_Wine_01_A_6" parent="props" instance=ExtResource( 9 )]
transform = Transform( -1.23492, 0, -0.193604, 0, 1.45, 0, 0.193604, 0, -1.23492, -5.67008, 0.599184, -12.2359 )

[node name="SM_Wine_01_A_5" parent="props" instance=ExtResource( 9 )]
transform = Transform( -0.934675, 0, 0.829989, 0, 1.45, 0, -0.829989, 0, -0.934675, -5.80541, 0.599184, -12.4273 )

[node name="SM_Wine_01_A_8" parent="props" instance=ExtResource( 9 )]
transform = Transform( -1.15107, 0, 0.487389, 0, 1.45, 0, -0.487389, 0, -1.15107, -5.40701, 0.599184, -13.3867 )

[node name="SM_Wine_01_A_7" parent="props" instance=ExtResource( 9 )]
transform = Transform( -1.00434, 0, -0.744177, 0, 1.45, 0, 0.744177, 0, -1.00434, -5.58177, 0.599184, -13.0892 )

[node name="SM_Coffee_01_A_1" parent="props" instance=ExtResource( 5 )]
transform = Transform( 1, 0, 0, 0, 1, 0, 0, 0, 1, 6.45183, 2.01551, -11.9334 )

[node name="SM_Coffee_01_A_2" parent="props" instance=ExtResource( 5 )]
transform = Transform( 0.912006, 0, 0.410178, 0, 1, 0, -0.410178, 0, 0.912006, 6.30606, 2.01551, -11.5148 )

[node name="SM_Coffee_01_A_3" parent="props" instance=ExtResource( 5 )]
transform = Transform( 0.994785, 0, 0.101994, 0, 1, 0, -0.101994, 0, 0.994785, 6.6139, 2.01551, -11.3756 )

[node name="SM_Milk_01_A_1" parent="props" instance=ExtResource( 6 )]
transform = Transform( 0.337835, 0, 0.941206, 0, 1, 0, -0.941206, 0, 0.337835, -1.52116, 0.368412, -14.7406 )

[node name="SM_Milk_01_A_2" parent="props" instance=ExtResource( 6 )]
transform = Transform( 0.337835, 0, 0.941206, 0, 1, 0, -0.941206, 0, 0.337835, -1.69497, 0.368412, -14.3507 )

[node name="SM_Milk_01_A_4" parent="props" instance=ExtResource( 6 )]
transform = Transform( -0.80477, 0, 0.593587, 0, 1, 0, -0.593587, 0, -0.80477, -1.11218, 0.368412, -14.7475 )

[node name="SM_Milk_01_A_3" parent="props" instance=ExtResource( 6 )]
transform = Transform( -0.106763, -0.929282, -0.353606, -0.94517, -0.0155388, 0.326209, -0.308635, 0.369045, -0.87667, -0.644718, 0.0905566, -14.168 )

[node name="StartCanvasLayer" type="CanvasLayer" parent="."]

[node name="Control" type="Control" parent="StartCanvasLayer"]
anchor_right = 1.0
anchor_bottom = 1.0
theme = ExtResource( 14 )
__meta__ = {
"_edit_use_anchors_": false
}

[node name="BackButton" type="Button" parent="StartCanvasLayer/Control"]
anchor_top = 1.0
anchor_bottom = 1.0
margin_left = 90.0
margin_top = -120.0
margin_right = 194.0
margin_bottom = -60.0
text = "Back"
__meta__ = {
"_edit_use_anchors_": false
}

[node name="StartButton" type="Button" parent="StartCanvasLayer/Control"]
anchor_left = 1.0
anchor_top = 1.0
anchor_right = 1.0
anchor_bottom = 1.0
margin_left = -201.003
margin_top = -120.0
margin_right = -87.003
margin_bottom = -60.0
text = "Start"
[connection signal="pressed" from="StartCanvasLayer/Control/BackButton" to="." method="_on_BackButton_pressed"]
[connection signal="pressed" from="StartCanvasLayer/Control/StartButton" to="." method="_on_StartButton_pressed"]
