[gd_scene load_steps=4 format=2]

[ext_resource path="res://ART/Effects/Ressources/CovidCells.DAE" type="PackedScene" id=1]
[ext_resource path="res://ART/Material/Enviro/M_EnviroProps_01.tres" type="Material" id=2]
[ext_resource path="res://ART/Effects/Scenes/CovidCells.gd" type="Script" id=3]

[node name="CovidCells" instance=ExtResource( 1 )]
script = ExtResource( 3 )

[node name="Sphere017" parent="Sphere016" index="0"]
transform = Transform( -0.996195, 0, -0.087156, 0, 1, 0, 0.087156, 0, -0.996195, 0.338259, 0, 0.233095 )
material/0 = ExtResource( 2 )

[node name="Sphere019" parent="Sphere016" index="1"]
transform = Transform( 0.866025, 0, 0.5, 0, 1, 0, -0.5, 0, 0.866025, -0.351698, 0, 0.208198 )
material/0 = ExtResource( 2 )

[node name="Sphere018" parent="Sphere016" index="2"]
transform = Transform( -0.5, 0, 0.866025, 0, 1, 0, -0.866025, 0, -0.5, 0, 0, -0.388988 )
material/0 = ExtResource( 2 )
[connection signal="animation_finished" from="AnimationPlayer" to="." method="_on_AnimationPlayer_animation_finished"]
